# momentum mesh points number;
# momentum mesh points and weights;
100
1.71763935935246081e-01 4.40780694307245036e-01
9.04829616242523116e-01 1.02563559211047073e+00
2.22291916012488855e+00 1.61035522293226530e+00
4.12503777753397571e+00 2.19357672079625265e+00
6.60936285420496006e+00 2.77467003805306112e+00
9.67347557636583133e+00 3.35305680231901171e+00
1.33143849078489893e+01 3.92816907050700026e+00
1.75285345417761391e+01 4.49944395327884372e+00
2.23118074465106702e+01 5.06632288180118984e+00
2.76595302447049107e+01 5.62825179221664396e+00
3.35664779182463917e+01 6.18468154492121247e+00
4.00268789741522824e+01 6.73506841391173960e+00
4.70344211127995777e+01 7.27887459778741785e+00
5.45822574104821570e+01 7.81556873578297484e+00
6.26630130175637987e+01 8.34462642223122053e+00
7.12687923689888976e+01 8.86553071646477164e+00
8.03911869017011895e+01 9.37777264652741493e+00
9.00212832722452276e+01 9.88085170568699667e+00
1.00149672066959511e+02 1.03742763409940704e+01
1.10766456996494298e+02 1.08575644332769414e+01
1.21861264565811325e+02 1.13302437680248431e+01
1.33423254210302730e+02 1.17918524966611642e+01
1.45441128888175683e+02 1.22419395877256587e+01
1.57903146118787561e+02 1.26800652675164383e+01
1.70797129456166147e+02 1.31058014497483821e+01
1.84110480386518816e+02 1.35187321538016381e+01
1.97830190638115425e+02 1.39184539111525147e+01
2.11942854891522416e+02 1.43045761595808436e+01
2.26434683877775342e+02 1.46767216247741601e+01
2.41291517851692731e+02 1.50345266889476274e+01
2.56498840427171331e+02 1.53776417461248194e+01
2.72041792760943508e+02 1.57057315437273566e+01
2.87905188070942188e+02 1.60184755101425189e+01
3.04073526475085430e+02 1.63155680679460104e+01
3.20531010135985184e+02 1.65967189324753726e+01
3.37261558696781094e+02 1.68616533954606638e+01
3.54248824993019070e+02 1.71101125934369911e+01
3.71476211025222028e+02 1.73418537606750114e+01
3.88926884176546992e+02 1.75566504663828695e+01
4.06583793659682499e+02 1.77542928359474672e+01
4.24429687176916786e+02 1.79345877559996012e+01
4.42447127777097876e+02 1.80973590631014076e+01
4.60618510893015639e+02 1.82424477158728067e+01
4.78926081542558393e+02 1.83697119503881510e+01
4.97351951676838041e+02 1.84790274186914374e+01
5.15878117658331576e+02 1.85702873102944892e+01
5.34486477851963286e+02 1.86434024565398246e+01
5.53158850311938068e+02 1.86983014177258298e+01
5.71876990547045011e+02 1.87349305529095425e+01
5.90622609347074103e+02 1.87532540723178975e+01
6.09377390652925897e+02 1.87532540723178975e+01
6.28123009452954989e+02 1.87349305529095425e+01
6.46841149688061932e+02 1.86983014177258298e+01
6.65513522148036714e+02 1.86434024565398246e+01
6.84121882341668424e+02 1.85702873102944892e+01
7.02648048323161902e+02 1.84790274186914374e+01
7.21073918457441550e+02 1.83697119503881510e+01
7.39381489106984418e+02 1.82424477158728067e+01
7.57552872222902124e+02 1.80973590631014076e+01
7.75570312823083214e+02 1.79345877559996012e+01
7.93416206340317558e+02 1.77542928359474672e+01
8.11073115823453008e+02 1.75566504663828695e+01
8.28523788974777972e+02 1.73418537606750114e+01
8.45751175006980930e+02 1.71101125934369911e+01
8.62738441303218906e+02 1.68616533954606638e+01
8.79468989864014816e+02 1.65967189324753726e+01
8.95926473524914627e+02 1.63155680679460104e+01
9.12094811929057869e+02 1.60184755101425189e+01
9.27958207239056492e+02 1.57057315437273566e+01
9.43501159572828669e+02 1.53776417461248194e+01
9.58708482148307212e+02 1.50345266889476274e+01
9.73565316122224658e+02 1.46767216247741601e+01
9.88057145108477584e+02 1.43045761595808436e+01
1.00216980936188452e+03 1.39184539111525147e+01
1.01588951961348118e+03 1.35187321538016381e+01
1.02920287054383380e+03 1.31058014497483821e+01
1.04209685388121238e+03 1.26800652675164383e+01
1.05455887111182437e+03 1.22419395877256587e+01
1.06657674578969727e+03 1.17918524966611642e+01
1.07813873543418867e+03 1.13302437680248431e+01
1.08923354300350570e+03 1.08575644332769414e+01
1.09985032793304049e+03 1.03742763409940704e+01
1.10997871672775477e+03 9.88085170568699667e+00
1.11960881309829892e+03 9.37777264652741493e+00
1.12873120763101110e+03 8.86553071646477164e+00
1.13733698698243620e+03 8.34462642223122053e+00
1.14541774258951773e+03 7.81556873578297484e+00
1.15296557888720054e+03 7.27887459778741785e+00
1.15997312102584783e+03 6.73506841391173960e+00
1.16643352208175361e+03 6.18468154492121247e+00
1.17234046975529509e+03 5.62825179221664396e+00
1.17768819255348944e+03 5.06632288180118984e+00
1.18247146545822397e+03 4.49944395327884372e+00
1.18668561509215101e+03 3.92816907050700026e+00
1.19032652442363405e+03 3.35305680231901171e+00
1.19339063714579515e+03 2.77467003805306112e+00
1.19587496222246591e+03 2.19357672079625265e+00
1.19777708083987500e+03 1.61035522293226530e+00
1.19909517038375748e+03 1.02563559211047073e+00
1.19982823606406464e+03 4.40780694307245036e-01
